48069
97906
47355
59861
25840
70621
57288
60361
83949
40059
90866
18758
96272
75644
20514
95346
16581
98590
73793
82185
14797
90866
55469
60333
40778
54922
16871
76794
72739
70980
95346
28152
99447
17518
24820
72739
91005
59416
53464
39605
70333
94760
29540
24339
95657
66328
37044
32006
24596
54211
99513
92955
58645
90108
32006
52479
87105
22158
79034
86986
23049
87991
29183
10737
95657
30736
60629
58645
49695
49541
51537
60629
10528
17518
72102
95275
81328
95346
11050
85720
42541
90479
97931
39134
43734
56231
74486
19552
65123
98281
59861
53722
99513
24339
84766
17518
12294
58543
36663
40778
68002
68295
41338
23115
93136
68295
39868
17518
57673
72739
30310
78574
63049
49668
71228
25233
66017
74772
52133
56951
95086
41338
14188
17518
83068
26824
15180
37974
49353
53723
44740
49695
65374
97310
49695
10601
23998
67360
24820
21859
66071
31362
35818
52898
73118
16871
99513
34172
27153
26229
77054
50353
31362
24820
62375
79010
43188
68295
47089
57531
94109
60322
17518
96684
56864
59264
16750
11605
24339
16871
43188
45936
26176
82456
58020
91408
69890
92008
32006
59648
96033
46048
60750
39856
12788
21570
76677
19313
43522
58645
91689
16581
95657
52033
86765
91644
71159
91743
20631
67879
91750
37351
29318
72408
19390
95346
99520
63316
58645
82429
86285
61266
19293
43188
43188
83818
53368
74844
20522
74844
26932
61210
24339
60629
23964
56444
68400
46458
16871
60629
32006
69248
25946
41121
97243
89900
68295
72739
58645
69890
53723
45624
49703
45059
57910
72739
91743
70945
77933
60452
36663
99513
95657
37351
59861
58645
16581
59794
16871
14797
39856
88656
60629
43188
58100
37192
91061
39856
78213
21104
13069
37351
56283
37351
69763
72739
74265
62276
23345
60629
44246
63017
40778
91743
35082
19741
73790
78345
37351
63953
87534
69702
90866
43333
25840
16581
41338
46437
91163
47108
26252
37351
68295
50705
68295
87392
25840
99513
22859
79034
54120
66287
24820
51395
11684
58645
63197
91495
44104
15212
60629
39856
95868
94252
98068
39400
44986
36663
24378
77933
61825
75051
27830
56372
76831
30051
65366
35697
31362
72739
36663
65405
80206
36663
31362
14797
29177
19056
68295
17518
16871
75003
84372
10606
95346
95346
24339
62058
93381
62639
50583
43188
17199
16384
12954
59861
16886
34718
45773
28085
30318
72739
42059
24685
68295
48669
13857
63441
14051
69040
58645
44485
62062
66867
15967
67958
17518
60629
40778
14797
58645
12810
69890
99767
49978
47067
68295
97859
91743
35470
12131
69890
56864
18029
68295
99513
22289
18925
39856
77629
32310
53723
52273
26932
33095
95346
98396
40642
39714
50384
72739
24820
27333
95346
44497
20288
72739
19177
17111
39228
29286
68295
94446
70031
24491
90788
59861
93540
35079
74844
90248
42545
37351
99836
40778
84050
53723
78424
60629
14729
95346
31177
42147
14797
26567
82587
30058
72739
92087
16581
30154
73678
74844
50232
40778
89970
92795
36518
93756
39856
60629
60317
91987
90866
14797
58645
22979
40444
98418
52557
25840
93195
39856
46295
95346
95058
58645
14797
16248
16871
36713
68864
96581
42649
38199
16871
16581
36663
89941
30182
59402
31362
20465
41338
41124
48272
60629
54184
24853
90866
74844
24820
59878
96457
17518
42832
24339
16581
47998
20085
99513
72739
30648
24339
37351
73175
16581
16581
60629
14180
87579
29532
95571
63579
11022
41296
59569
40778
53723
36150
59438
23878
75997
40778
89703
56864
68295
63214
16581
24339
79034
68295
16581
53723
91572
96581
39856
40778
91792
72739
16871
37351
37528
54751
98390
59349
25145
21137
95346
23049
16901
99513
20739
37491
68336
62885
40778
95346
64387
54356
60629
41398
99513
18128
16871
67766
99513
23816
37011
92255
14797
74758
43188
88213
49695
82407
92976
78503
40778
43795
24339
84821
95657
45077
51112
40778
69890
51194
15697
79034
34441
90746
53146
96439
10528
73396
22834
42827
25840
27279
16581
11829
41338
58300
51351
77063
59624
69890
96581
37351
39856
43188
99907
17518
59861
88701
41338
71349
77839
16871
16581
49695
96581
57537
33645
99513
17342
91358
61419
28119
37351
96581
53294
86426
96581
90866
99759
16581
51210
89139
89821
22488
52016
61720
95346
51066
70350
87604
13727
41338
99513
49695
31362
75693
24339
16684
60875
19909
55448
68295
85572
43188
22924
96447
43590
35446
14492
33854
81254
35231
69890
16581
58645
18254
39765
49695
44794
97117
72472
69809
50894
81145
16735
61819
66134
67405
22869
87534
40778
41656
79885
96068
33841
54993
60629
39856
90866
99513
95346
31534
58645
33154
72739
17518
12393
24339
69840
55306
69069
17518
87753
17518
40225
42636
99099
60611
60629
78860
30176
24339
14434
30459
49695
69540
41338
48918
64740
55739
77933
42596
15230
40778
41338
55126
64249
30866
15532
91743
36885
23898
69375
40778
52391
22592
30041
17027
33410
18537
30111
93883
58645
36476
80458
13575
18247
46338
26537
17518
80947
21685
95346
96979
42316
49695
43002
39334
95346
95122
53723
17518
73195
80333
53999
18047
50055
13416
78838
99399
72739
71044
49695
48607
58645
47637
31362
26932
10374
99587
16871
95967
48026
45844
32483
91914
24079
95346
38867
58038
30015
51612
47825
79034
69890
12438
25163
57006
13374
77943
95866
90866
99513
89128
55488
32006
78894
60629
93358
35728
78590
53373
18242
52358
16871
29081
11880
85310
41660
68295
58645
20952
53723
82851
68673
68295
45432
39856
98886
39856
24339
37351
45562
99513
74844
85831
32937
21022
19227
95346
98417
37351
51840
54835
31362
37351
37351
58367
59627
72739
10528
92967
43188
68295
68295
59861
36085
81212
88554
76634
95657
73103
53723
17518
38109
72739
40778
41338
40778
84251
27789
91503
68176
60629
35979
69890
59861
76925
39631
12043
57253
80209
29891
85969
27806
27607
94227
67502
47087
39856
72113
25501
74844
91565
35641
58645
68295
60629
69890
31362
41744
69890
52503
74591
33314
97011
98273
38719
24339
50497
53723
24980
16581
17518
97390
37461
12585
19372
32006
73733
91552
74844
57436
58645
16871
36615
12311
63638
84874
95657
41338
58645
77933
90866
98634
45892
85888
46343
53723
40778
11574
32006
40778
68975
49695
26569
50082
41338
56029
38257
72739
74844
71563
37996
56074
85522
90866
61520
49695
89237
39529
37175
95346
68295
47664
99513
75031
37296
86365
96190
72272
36663